Truck #1

0 0.000000 7.500000
5 0.071429 8.066811
1 0.142857 8.741757
14 0.214286 10.000000
6 0.285714 10.941495
0 0.285714 12.866466


Truck #2

0 0.000000 7.500000
8 0.100000 8.269034
9 0.200000 9.178685
11 0.300000 10.000000
12 0.400000 11.216295
0 0.400000 12.649429


Truck #3

0 0.000000 7.500000
3 0.166667 8.909502
15 0.333333 10.046479
13 0.500000 11.119163
0 0.500000 13.508261


Truck #4

0 0.000000 7.500000
10 0.333333 8.234412
7 0.666667 10.059359
0 0.666667 12.105491


Truck #5

0 0.000000 7.500000
4 1.000000 9.331568
0 1.000000 11.663136


INFEASIBLE CUSTOMERS

2