15
7.5
16
1	14	16
2	10	12
3	12	14
4	10	12
5	12	14
6	10	12
7	14	16
8	14	16
9	14	16
10	10	12
11	8	10
12	8	10
13	8	10
14	8	10
15	12	14
-1
0	1.953408718	1.86096406	0.611129165	1.843325615	0.75755626	1.986564517	1.636426568	1.780593872	1.393632054	0.107833996	1.38982594	2.125626802	1.225797534	1.984329581	0.976078629
1.953408718	0	0.114122495	1.68496263	0.110199302	1.250389338	1.21168685	0.351443231	1.544147491	0.762475073	1.996646047	1.357726812	0.691038787	1.66582191	1.600751638	1.137767911
1.86096406	0.114122495	0	1.576496124	0.072132498	1.172874928	1.124862552	0.240774691	1.441477299	0.730189562	1.900871277	1.245667815	0.64139986	1.551950097	1.505324006	1.077457905
0.611129165	1.68496263	1.576496124	0	1.581831694	0.821003854	1.426429749	1.335833788	1.176339746	1.354687452	0.559124291	0.800420761	1.675590992	0.615699172	1.380932689	1.057042718
1.843325615	0.110199302	0.072132498	1.581831694	0	1.141308904	1.190115333	0.256767571	1.496301055	0.671498597	1.886968732	1.286461353	0.713530719	1.584474325	1.565723419	1.033629656
0.75755626	1.250389338	1.172874928	0.821003854	1.141308904	0	1.646879315	0.977305949	1.625034451	0.636231065	0.830281734	1.222368479	1.578725934	1.265583396	1.803316593	0.242995024
1.986564517	1.21168685	1.124862552	1.426429749	1.190115333	1.646879315	0	1.023711085	0.466388047	1.61963284	1.963985085	0.642508388	0.619938791	0.967958152	0.420424759	1.723286748
1.636426568	0.351443231	0.240774691	1.335833788	0.256767571	0.977305949	1.023711085	0	1.279251218	0.647283375	1.671723723	1.040516734	0.668640614	1.330094814	1.368725419	0.917904973
1.780593872	1.544147491	1.441477299	1.176339746	1.496301055	1.625034451	0.466388047	1.279251218	0	1.773272634	1.735361934	0.410280317	1.054592252	0.604677856	0.204744473	1.761627316
1.393632054	0.762475073	0.730189562	1.354687452	0.671498597	0.636231065	1.61963284	0.647283375	1.773272634	0	1.465618372	1.435269594	1.313796401	1.617603183	1.905685902	0.436796814
0.107833996	1.996646047	1.900871277	0.559124291	1.886968732	0.830281734	1.963985085	1.671723723	1.735361934	1.465618372	0	1.353432417	2.134539843	1.16612792	1.939885259	1.056970358
1.38982594	1.357726812	1.245667815	0.800420761	1.286461353	1.222368479	0.642508388	1.040516734	0.410280317	1.435269594	1.353432417	0	1.049026608	0.355760276	0.605346203	1.372882247
2.125626802	0.691038787	0.64139986	1.675590992	0.713530719	1.578725934	0.619938791	0.668640614	1.054592252	1.313796401	2.134539843	1.049026608	0	1.404279828	1.040208817	1.564918756
1.225797534	1.66582191	1.551950097	0.615699172	1.584474325	1.265583396	0.967958152	1.330094814	0.604677856	1.617603183	1.16612792	0.355760276	1.404279828	0	0.805374503	1.460695982
1.984329581	1.600751638	1.505324006	1.380932689	1.565723419	1.803316593	0.420424759	1.368725419	0.204744473	1.905685902	1.939885259	0.605346203	1.040208817	0.805374503	0	1.92711103
0.976078629	1.137767911	1.077457905	1.057042718	1.033629656	0.242995024	1.723286748	0.917904973	1.761627316	0.436796814	1.056970358	1.372882247	1.564918756	1.460695982	1.92711103	0
-1