15
7.5
14
1	8	10
2	8	10
3	8	10
4	8	10
5	8	10
6	10	12
7	10	12
8	8	10
9	8	10
10	8	10
11	10	12
12	10	12
13	10	12
14	10	12
15	10	12
-1
0	0.49839735	2.098951101	1.409502029	1.831567407	0.566810787	1.424970388	1.546131968	0.769034386	1.174214363	0.734412611	1.202597618	0.933134198	1.889098525	1.01729846	2.043530703
0.49839735	0	1.70059073	0.969982445	1.682448268	0.174946487	0.933297276	1.095422983	0.631873906	0.946080446	0.811585307	1.103824496	0.560606956	1.548605561	0.55407244	1.605559111
2.098951101	1.70059073	0	0.748622119	1.124326229	1.788624048	1.367436171	0.662771285	1.417715073	1.055454731	1.688410759	1.2902174	1.167477846	0.36136511	1.612528324	0.282249004
1.409502029	0.969982445	0.748622119	0	1.228206754	1.043947577	0.745965838	0.145298988	0.860231757	0.67317754	1.181821942	0.990763068	0.497548133	0.704607904	0.883078098	0.636977017
1.831567407	1.682448268	1.124326229	1.228206754	0	1.844219923	1.955116749	1.292364955	1.082682371	0.744516611	1.137484312	0.630371332	1.19229126	0.771417141	1.945302725	1.340313077
0.566810787	0.174946487	1.788624048	1.043947577	1.844219923	0	0.871828258	1.156867743	0.805167794	1.103019238	0.982831895	1.274921417	0.69097805	1.664907813	0.451080233	1.66925478
1.424970388	0.933297276	1.367436171	0.745965838	1.955116749	0.871828258	0	0.742996335	1.269234776	1.296257496	1.573804021	1.594895124	0.892672241	1.430657387	0.441494912	1.139712811
1.546131968	1.095422983	0.662771285	0.145298988	1.292364955	1.156867743	0.742996335	0	1.004489303	0.796411455	1.324946761	1.111459494	0.641930759	0.688566864	0.949757099	0.512531102
0.769034386	0.631873906	1.417715073	0.860231757	1.082682371	0.805167794	1.269234776	1.004489303	0	0.409650743	0.326164842	0.475629866	0.399622917	1.156990767	1.051962852	1.429729819
1.174214363	0.946080446	1.055454731	0.67317754	0.744516611	1.103019238	1.296257496	0.796411455	0.409650743	0	0.635076046	0.317889124	0.454328418	0.762148619	1.216031432	1.11935091
0.734412611	0.811585307	1.688410759	1.181821942	1.137484312	0.982831895	1.573804021	1.324946761	0.326164842	0.635076046	0	0.515967607	0.724375248	1.394186139	1.310759068	1.728685617
1.202597618	1.103824496	1.2902174	0.990763068	0.630371332	1.274921417	1.594895124	1.111459494	0.475629866	0.317889124	0.515967607	0	0.716295481	0.955792844	1.467028379	1.395756364
0.933134198	0.560606956	1.167477846	0.497548133	1.19229126	0.69097805	0.892672241	0.641930759	0.399622917	0.454328418	0.724375248	0.716295481	0	0.989390552	0.762327373	1.117209911
1.889098525	1.548605561	0.36136511	0.704607904	0.771417141	1.664907813	1.430657387	0.688566864	1.156990767	0.762148619	1.394186139	0.955792844	0.989390552	0	1.580538154	0.572683036
1.01729846	0.55407244	1.612528324	0.883078098	1.945302725	0.451080233	0.441494912	0.949757099	1.051962852	1.216031432	1.310759068	1.467028379	0.762327373	1.580538154	0	1.434006095
2.043530703	1.605559111	0.282249004	0.636977017	1.340313077	1.66925478	1.139712811	0.512531102	1.429729819	1.11935091	1.728685617	1.395756364	1.117209911	0.572683036	1.434006095	0
-1